%%MatrixMarket vector coordinate real general
1473
1   1.00000035283544108644e+00
2   9.99999913749462732149e-01
3   1.00000000000000133227e+00
4   9.99999999811910789127e-01
5   9.99999999274570172680e-01
6   1.00000000000000777156e+00
7   1.00000000004900213568e+00
8   9.99999999987700172177e-01
9   9.99999999999999000799e-01
10   9.99999955797239437061e-01
11   1.00000001493164458743e+00
12   1.00000000000000310862e+00
13   9.99999986958810094251e-01
14   1.00000000566122637657e+00
15   9.99999999999995781153e-01
16   9.99999998568241510455e-01
17   1.00000000085240348113e+00
18   9.99999999999999222844e-01
19   9.99999999904826020192e-01
20   1.00000000007873812713e+00
21   1.00000000000000177636e+00
22   9.99999999998515853861e-01
23   1.00000000000410227408e+00
24   1.00000000000000688338e+00
25   1.00000000000028510527e+00
26   9.99999999999420352559e-01
27   1.00000000000000044409e+00
28   9.99999999975358933035e-01
29   9.99999999943652406742e-01
30   1.00000000000000710543e+00
31   9.99999999457965027538e-01
32   9.99999999588007115747e-01
33   1.00000000000000199840e+00
34   9.99999996626106835151e-01
35   9.99999997995177802856e-01
36   9.99999999999998778755e-01
37   9.99999971168356927009e-01
38   9.99999987543278678892e-01
39   9.99999999999994559907e-01
40   9.99999912781266542261e-01
41   9.99999970631807455490e-01
42   1.00000000000000310862e+00
43   9.99999999681217000003e-01
44   1.00000000122496390809e+00
45   1.00000000000000710543e+00
46   9.99999999917370652192e-01
47   9.99999999977694509212e-01
48   9.99999999999999000799e-01
49   1.00000058460100227364e+00
50   1.00000014290123129257e+00
51   1.00000000000000155431e+00
52   9.99999674986640330054e-01
53   1.00000007941656798849e+00
54   1.00000000000000133227e+00
55   1.00000000020592927363e+00
56   1.00000000078646311685e+00
57   1.00000000000000288658e+00
58   1.00000000003283862071e+00
59   9.99999999992540966609e-01
60   9.99999999999998778755e-01
61   1.00000006764626347966e+00
62   9.99999977240221715746e-01
63   1.00000000000000377476e+00
64   1.00000001950914585436e+00
65   9.99999991491024142753e-01
66   1.00000000000000022204e+00
67   1.00000000192032212354e+00
68   9.99999998851969551517e-01
69   1.00000000000000177636e+00
70   1.00000000010540635031e+00
71   9.99999999911538428599e-01
72   1.00000000000000510703e+00
73   1.00000000000151922919e+00
74   9.99999999997066568724e-01
75   9.99999999999997668532e-01
76   1.00000000000000199840e+00
77   9.99999999999801270079e-01
78   1.00000000000000155431e+00
79   9.99999999994958033156e-01
80   9.99999999989277466028e-01
81   9.99999999999999222844e-01
82   1.00000000016219758869e+00
83   1.00000000015393419872e+00
84   1.00000000000000421885e+00
85   1.00000000467338323595e+00
86   1.00000000277947753702e+00
87   9.99999999999999222844e-01
88   1.00000004248801888096e+00
89   1.00000001846728281407e+00
90   1.00000000000000066613e+00
91   1.00000013729853343136e+00
92   1.00000004609341863748e+00
93   1.00000000000000377476e+00
94   1.00000000035479552629e+00
95   9.99999998659015787439e-01
96   1.00000000000000222045e+00
97   9.99999999946547757368e-01
98   9.99999999985433651872e-01
99   9.99999999999998778755e-01
100   9.99999465789582431263e-01
101   9.99999869477867453504e-01
102   1.00000000000000177636e+00
103   9.99999916113796794015e-01
104   1.00000002055798531408e+00
105   9.99999999999998667732e-01
106   9.99999999981561304985e-01
107   9.99999999966450059397e-01
108   1.00000000000000177636e+00
109   9.99999999953086193827e-01
110   1.00000000001266808880e+00
111   9.99999999999996003197e-01
112   9.99999928857497888401e-01
113   1.00000002370667062657e+00
114   1.00000000000000044409e+00
115   9.99999979479328837684e-01
116   1.00000000901937169395e+00
117   9.99999999999999888978e-01
118   9.99999998429920933241e-01
119   1.00000000094917651516e+00
120   1.00000000000000199840e+00
121   9.99999999949828244361e-01
122   1.00000000004451106150e+00
123   9.99999999999996447286e-01
124   9.99999999999657496197e-01
125   1.00000000000066546768e+00
126   9.99999999999998112621e-01
127   9.99999999999544919582e-01
128   1.00000000000031974423e+00
129   1.00000000000000088818e+00
130   1.00000000001309086173e+00
131   1.00000000002897371232e+00
132   9.99999999999998112621e-01
133   1.00000000006958322807e+00
134   1.00000000002847033720e+00
135   9.99999999999996225242e-01
136   9.99999996481165109863e-01
137   9.99999997879803426137e-01
138   1.00000000000000177636e+00
139   9.99999956202948014905e-01
140   9.99999980747511285628e-01
141   1.00000000000000044409e+00
142   9.99999847245544248864e-01
143   9.99999949087469253151e-01
144   1.00000000000000044409e+00
145   9.99999999952528417779e-01
146   1.00000000010363487846e+00
147   1.00000000000000222045e+00
148   1.00000000007828893089e+00
149   1.00000000001781064185e+00
150   9.99999999999996003197e-01
151   9.99999850923678712533e-01
152   9.99999963446663309163e-01
153   9.99999999999999444888e-01
154   1.00000056166277007108e+00
155   9.99999862606388401076e-01
156   9.99999999999995892175e-01
157   9.99999999803924288777e-01
158   9.99999999183496135480e-01
159   1.00000000000000355271e+00
160   1.00000000003652056435e+00
161   9.99999999991768584451e-01
162   1.00000000000000177636e+00
163   1.00000006798408724862e+00
164   9.99999977602097467333e-01
165   1.00000000000000577316e+00
166   1.00000002025567136243e+00
167   9.99999991040052105262e-01
168   9.99999999999997002398e-01
169   1.00000000118975607144e+00
170   9.99999999268676664776e-01
171   9.99999999999998778755e-01
172   1.00000000002445554870e+00
173   9.99999999981883491706e-01
174   1.00000000000000022204e+00
175   1.00000000000048450133e+00
176   9.99999999998255617584e-01
177   1.00000000000000022204e+00
178   9.99999999999298005982e-01
179   1.00000000000040922821e+00
180   1.00000000000000000000e+00
181   1.00000000002182121150e+00
182   1.00000000004824785016e+00
183   1.00000000000000088818e+00
184   1.00000000032613978185e+00
185   1.00000000023145751982e+00
186   9.99999999999999000799e-01
187   1.00000000210615436202e+00
188   1.00000000130249744323e+00
189   9.99999999999999333866e-01
190   1.00000004284155896705e+00
191   1.00000001901893664780e+00
192   9.99999999999996780353e-01
193   1.00000015533390551603e+00
194   1.00000005137963809965e+00
195   1.00000000000000466294e+00
196   9.99999999696550734285e-01
197   1.00000000129266841675e+00
198   1.00000000000000177636e+00
199   9.99999999941439843276e-01
200   9.99999999983447351859e-01
201   1.00000000000000177636e+00
202   1.00000094001829076262e+00
203   1.00000022996082593707e+00
204   9.99999999999996114219e-01
205   9.99999226660433948588e-01
206   1.00000018915412303144e+00
207   9.99999999999991451283e-01
208   1.00000000028400304330e+00
209   1.00000000117841336689e+00
210   9.99999999999999111822e-01
211   9.99999999995680122211e-01
212   1.00000000000157385216e+00
213   9.99999999999996558309e-01
214   9.99999920048625701163e-01
215   1.00000002626595940747e+00
216   9.99999999999998889777e-01
217   9.99999974976329308873e-01
218   1.00000001104474067759e+00
219   9.99999999999997557509e-01
220   9.99999998407914536536e-01
221   1.00000000097487462547e+00
222   1.00000000000000155431e+00
223   9.99999999989243271159e-01
224   1.00000000001268340988e+00
225   1.00000000000000133227e+00
226   1.00000000000076183504e+00
227   9.99999999998239630372e-01
228   9.99999999999999666933e-01
229   9.99999999999108157844e-01
230   1.00000000000086619600e+00
231   1.00000000000000244249e+00
232   1.00000000003223932232e+00
233   1.00000000007257727752e+00
234   9.99999999999999555911e-01
235   1.00000000042282111146e+00
236   1.00000000028858115897e+00
237   1.00000000000000199840e+00
238   9.99999996654502010252e-01
239   9.99999997954704178404e-01
240   1.00000000000000222045e+00
241   9.99999946502404424287e-01
242   9.99999976321987449346e-01
243   9.99999999999999666933e-01
244   9.99999814640814665978e-01
245   9.99999938800049337218e-01
246   9.99999999999999222844e-01
247   1.00000000043788683790e+00
248   9.99999998144181612147e-01
249   9.99999999999996336264e-01
250   1.00000000000447220039e+00
251   9.99999999998531063916e-01
252   9.99999999999996558309e-01
253   9.99998717336880393880e-01
254   9.99999686241252905283e-01
255   9.99999999999990341060e-01
256   1.00000062053175353682e+00
257   9.99999848190518125790e-01
258   9.99999999999998667732e-01
259   9.99999999803548145216e-01
260   9.99999999171059195113e-01
261   9.99999999999998667732e-01
262   9.99999999953428142518e-01
263   1.00000000001168554142e+00
264   1.00000000000000199840e+00
265   1.00000011317088000062e+00
266   9.99999962575283452004e-01
267   1.00000000000000111022e+00
268   1.00000003529928371826e+00
269   9.99999984488222581902e-01
270   9.99999999999998112621e-01
271   1.00000000264821076179e+00
272   9.99999998393266920083e-01
273   9.99999999999997002398e-01
274   1.00000000009204992324e+00
275   9.99999999923624094400e-01
276   1.00000000000000133227e+00
277   1.00000000000158983937e+00
278   9.99999999996538657676e-01
279   9.99999999999997224442e-01
280   9.99999999999263811112e-01
281   1.00000000000091948671e+00
282   1.00000000000000799361e+00
283   1.00000000003247002667e+00
284   1.00000000007405365210e+00
285   9.99999999999996780353e-01
286   1.00000000062335359097e+00
287   1.00000000046276915633e+00
288   1.00000000000000199840e+00
289   1.00000000543946998555e+00
290   1.00000000330291083372e+00
291   9.99999999999995892175e-01
292   1.00000007648872513144e+00
293   1.00000003364805611916e+00
294   9.99999999999998112621e-01
295   1.00000025366634659463e+00
296   1.00000008408388718628e+00
297   1.00000000000000133227e+00
298   9.99999999709913600654e-01
299   1.00000000126183330451e+00
300   9.99999999999999888978e-01
301   1.00000000007359068910e+00
302   1.00000000001564015584e+00
303   1.00000000000000199840e+00
304   1.00000102257200307321e+00
305   1.00000025019657656777e+00
306   9.99999999999999111822e-01
307   9.99999858141555786339e-01
308   1.00000004722450941408e+00
309   1.00000000000000022204e+00
310   9.99999956873545814418e-01
311   1.00000001889478529193e+00
312   1.00000000000000155431e+00
313   9.99999996407605951099e-01
314   1.00000000216801399056e+00
315   9.99999999999999000799e-01
316   9.99999999867145827892e-01
317   1.00000000011369083452e+00
318   9.99999999999999111822e-01
319   9.99999999998945843238e-01
320   1.00000000000261990429e+00
321   1.00000000000000222045e+00
322   9.99999999999841016063e-01
323   1.00000000000012634338e+00
324   9.99999999999993782751e-01
325   1.00000000000158362212e+00
326   1.00000000000309396953e+00
327   1.00000000000000244249e+00
328   9.99999999745178169697e-01
329   9.99999999772766656747e-01
330   1.00000000000000044409e+00
331   9.99999991974250601601e-01
332   9.99999995164713384455e-01
333   9.99999999999999000799e-01
334   9.99999906424589912746e-01
335   9.99999959029122642562e-01
336   1.00000000000000266454e+00
337   9.99999694873745070822e-01
338   9.99999898431330191961e-01
339   9.99999999999999222844e-01
340   9.99999857944048331504e-01
341   1.00000004731859215568e+00
342   1.00000000000000022204e+00
343   9.99999959592161480337e-01
344   1.00000001778887992465e+00
345   9.99999999999996114219e-01
346   9.99999997162839160403e-01
347   1.00000000172775238561e+00
348   1.00000000000000044409e+00
349   9.99999999932969063643e-01
350   1.00000000005785216750e+00
351   9.99999999999991229238e-01
352   9.99999999999549027407e-01
353   1.00000000000101763042e+00
354   1.00000000000000066613e+00
355   1.00000000000009214851e+00
356   9.99999999999713784504e-01
357   1.00000000000000244249e+00
358   9.99999999990835108932e-01
359   9.99999999978781195509e-01
360   1.00000000000000133227e+00
361   9.99999999750365353712e-01
362   9.99999999804668915360e-01
363   9.99999999999991007194e-01
364   9.99999994154412985559e-01
365   9.99999996433188043099e-01
366   9.99999999999999333866e-01
367   9.99999912267076185302e-01
368   9.99999961323722597051e-01
369   9.99999999999995448086e-01
370   9.99999685944833460738e-01
371   9.99999895372427394236e-01
372   1.00000000000000044409e+00
373   1.00000106824368439895e+00
374   9.99999738728543308142e-01
375   1.00000000000000377476e+00
376   9.99999999584362031513e-01
377   9.99999998316076554872e-01
378   9.99999999999999111822e-01
379   1.00000000008350253822e+00
380   9.99999999979406362094e-01
381   9.99999999999998112621e-01
382   1.00000008068372259196e+00
383   9.99999973708313394383e-01
384   9.99999999999998556710e-01
385   1.00000003205972309850e+00
386   9.99999986033733412327e-01
387   1.00000000000000222045e+00
388   1.00000000309377123919e+00
389   9.99999998142007129331e-01
390   9.99999999999994448885e-01
391   1.00000000014034484686e+00
392   9.99999999880916701223e-01
393   9.99999999999998445688e-01
394   1.00000000000136113343e+00
395   9.99999999996570743122e-01
396   1.00000000000000177636e+00
397   1.00000000000011057821e+00
398   9.99999999999650501792e-01
399   9.99999999999998889777e-01
400   9.99999999993648081009e-01
401   9.99999999985610732445e-01
402   1.00000000000000066613e+00
403   1.00000000021193646838e+00
404   1.00000000020187251870e+00
405   9.99999999999998445688e-01
406   1.00000000734462202168e+00
407   1.00000000439846714606e+00
408   9.99999999999994892974e-01
409   1.00000007326514706030e+00
410   1.00000003190331487879e+00
411   1.00000000000000199840e+00
412   1.00000019452346267101e+00
413   1.00000006382714135000e+00
414   9.99999999999998334665e-01
415   9.99999999341232737038e-01
416   1.00000000269909916639e+00
417   9.99999999999999111822e-01
418   9.99999999864776278891e-01
419   9.99999999967247865662e-01
420   9.99999999999998112621e-01
421   1.00000176701833498605e+00
422   1.00000043220118728371e+00
423   1.00000000000000444089e+00
424   9.99998896070147913484e-01
425   1.00000026995215662851e+00
426   9.99999999999996558309e-01
427   1.00000000047567616512e+00
428   1.00000000191606663869e+00
429   1.00000000000000244249e+00
430   1.00000000004359579364e+00
431   9.99999999989643950649e-01
432   1.00000000000000399680e+00
433   9.99999970420929917836e-01
434   1.00000000918970299857e+00
435   1.00000000000000044409e+00
436   9.99999981391491599148e-01
437   1.00000000803001776184e+00
438   9.99999999999998667732e-01
439   9.99999997781376492867e-01
440   1.00000000132353061844e+00
441   9.99999999999998556710e-01
442   9.99999999870261668811e-01
443   1.00000000010906475723e+00
444   1.00000000000000155431e+00
445   9.99999999998188005002e-01
446   1.00000000000411115586e+00
447   1.00000000000000222045e+00
448   1.00000000000008504308e+00
449   9.99999999999883093516e-01
450   1.00000000000000044409e+00
451   9.99999999992922772307e-01
452   9.99999999983130494208e-01
453   1.00000000000000244249e+00
454   9.99999999616280943471e-01
455   9.99999999682874562978e-01
456   1.00000000000000088818e+00
457   9.99999994513086076786e-01
458   9.99999996736345875270e-01
459   9.99999999999998334665e-01
460   9.99999955415942554104e-01
461   9.99999980772331875656e-01
462   9.99999999999999777955e-01
463   9.99999916116747655792e-01
464   9.99999973178816947694e-01
465   9.99999999999999333866e-01
466   1.00000000076829187456e+00
467   9.99999996884017194887e-01
468   1.00000000000000244249e+00
469   9.99999999930892835565e-01
470   9.99999999983835596851e-01
471   1.00000000000000399680e+00
472   9.99998171573324268202e-01
473   9.99999552865269647484e-01
474   9.99999999999996225242e-01
475   1.00000046095871941709e+00
476   9.99999887274857113262e-01
477   1.00000000000000466294e+00
478   9.99999999802772321367e-01
479   9.99999999213216028693e-01
480   9.99999999999999777955e-01
481   9.99999999922018267817e-01
482   1.00000000001957634055e+00
483   9.99999999999999111822e-01
484   1.00000000764809038323e+00
485   9.99999997720283140268e-01
486   1.00000000000000088818e+00
487   1.00000000591198512367e+00
488   9.99999997449206978750e-01
489   1.00000000000000044409e+00
490   1.00000000070174688283e+00
491   9.99999999581057674725e-01
492   9.99999999999993116617e-01
493   1.00000000004085665140e+00
494   9.99999999965699437610e-01
495   1.00000000000000111022e+00
496   1.00000000000060240701e+00
497   9.99999999998639865773e-01
498   1.00000000000000088818e+00
499   1.00000000000003530509e+00
500   9.99999999999978461673e-01
501   1.00000000000000044409e+00
502   1.00000000000050937032e+00
503   1.00000000000148836499e+00
504   1.00000000000000133227e+00
505   1.00000000009573852822e+00
506   1.00000000008234524174e+00
507   1.00000000000000088818e+00
508   1.00000000174469949599e+00
509   1.00000000103805009033e+00
510   9.99999999999993338662e-01
511   1.00000001429376195183e+00
512   1.00000000616875017734e+00
513   1.00000000000000022204e+00
514   1.00000002467747051149e+00
515   1.00000000777092346027e+00
516   1.00000000000000155431e+00
517   9.99999999679063611424e-01
518   1.00000000128552257728e+00
519   1.00000000000000044409e+00
520   1.00000000012859024956e+00
521   1.00000000003195621545e+00
522   9.99999999999999111822e-01
523   1.00000076337178644970e+00
524   1.00000018668356815965e+00
525   1.00000000000000532907e+00
526   1.00000045954089133993e+00
527   9.99999887623692851335e-01
528   1.00000000000000222045e+00
529   9.99999999800956995699e-01
530   9.99999999207980549976e-01
531   1.00000000000000377476e+00
532   1.00000000007800071700e+00
533   9.99999999980404563615e-01
534   9.99999999999999111822e-01
535   1.00000000247127474040e+00
536   9.99999999462896638214e-01
537   1.00000000000000288658e+00
538   1.00000000607876260439e+00
539   9.99999997429077414068e-01
540   1.00000000000000266454e+00
541   1.00000000105039688059e+00
542   9.99999999380862147902e-01
543   9.99999999999996447286e-01
544   1.00000000008385425687e+00
545   9.99999999930068605991e-01
546   1.00000000000000888178e+00
547   1.00000000000131961109e+00
548   9.99999999996957988913e-01
549   9.99999999999997668532e-01
550   1.00000000000003441691e+00
551   9.99999999999835686992e-01
552   1.00000000000000333067e+00
553   9.99999999997850164135e-01
554   9.99999999995454191826e-01
555   9.99999999999999888978e-01
556   1.00000000015925705199e+00
557   1.00000000014445000751e+00
558   1.00000000000000888178e+00
559   1.00000000288295542994e+00
560   1.00000000169237646119e+00
561   9.99999999999996447286e-01
562   1.00000001566651031126e+00
563   1.00000000661914945077e+00
564   1.00000000000000222045e+00
565   1.00000001307937602668e+00
566   1.00000000385494858257e+00
567   1.00000000000000333067e+00
568   9.99999999673268691325e-01
569   1.00000000130373845053e+00
570   1.00000000000000266454e+00
571   9.99999999872340894491e-01
572   9.99999999968261499284e-01
573   9.99999999999999111822e-01
574   1.00000076323516107202e+00
575   1.00000018664509204847e+00
576   1.00000000000000222045e+00
577   9.99998896934475856035e-01
578   1.00000026973599553948e+00
579   9.99999999999999444888e-01
580   1.00000000048131809649e+00
581   1.00000000193243732127e+00
582   9.99999999999999222844e-01
583   9.99999999954960361315e-01
584   1.00000000001084798917e+00
585   1.00000000000000399680e+00
586   9.99999981066514442851e-01
587   1.00000000563303848011e+00
588   9.99999999999999888978e-01
589   9.99999983851247997713e-01
590   1.00000000692982116135e+00
591   1.00000000000000111022e+00
592   9.99999997837145215840e-01
593   1.00000000128484178852e+00
594   9.99999999999999111822e-01
595   9.99999999855614496447e-01
596   1.00000000012079537370e+00
597   1.00000000000000044409e+00
598   9.99999999997860267165e-01
599   1.00000000000514366327e+00
600   9.99999999999997557509e-01
601   9.99999999999945710094e-01
602   9.99999999999913846693e-01
603   1.00000000000000488498e+00
604   9.99999999992691512851e-01
605   9.99999999982313703129e-01
606   9.99999999999996891376e-01
607   9.99999999576554499114e-01
608   9.99999999648884863035e-01
609   1.00000000000000088818e+00
610   9.99999994473047992827e-01
611   9.99999996728703433035e-01
612   9.99999999999999111822e-01
613   9.99999960376354746217e-01
614   9.99999983007622827991e-01
615   1.00000000000000155431e+00
616   9.99999939283146677127e-01
617   9.99999980922869458055e-01
618   1.00000000000000022204e+00
619   1.00000000078105610868e+00
620   9.99999996846570593512e-01
621   1.00000000000000022204e+00
622   1.00000000007001510482e+00
623   1.00000000001665445559e+00
624   1.00000000000000399680e+00
625   9.99998172335564206037e-01
626   9.99999553062090873468e-01
627   9.99999999999999111822e-01
628   1.00000106833582091959e+00
629   9.99999738713506780563e-01
630   9.99999999999998445688e-01
631   9.99999999575240439142e-01
632   9.99999998288431224402e-01
633   1.00000000000000199840e+00
634   9.99999999915762494140e-01
635   1.00000000002087841011e+00
636   9.99999999999998112621e-01
637   1.00000006080114123286e+00
638   9.99999980326296777910e-01
639   1.00000000000000421885e+00
640   1.00000002510927221699e+00
641   9.99999989049086268622e-01
642   1.00000000000000177636e+00
643   1.00000000234576003066e+00
644   9.99999998589174876606e-01
645   1.00000000000000177636e+00
646   1.00000000010455725175e+00
647   9.99999999911633685734e-01
648   9.99999999999999111822e-01
649   1.00000000000125366384e+00
650   9.99999999997189914502e-01
651   1.00000000000000177636e+00
652   9.99999999999989341859e-01
653   9.99999999999817701379e-01
654   1.00000000000000266454e+00
655   9.99999999997274957586e-01
656   9.99999999993944954646e-01
657   1.00000000000000133227e+00
658   1.00000000018570101012e+00
659   1.00000000016933898728e+00
660   1.00000000000000000000e+00
661   1.00000000551296408524e+00
662   1.00000000330423000072e+00
663   1.00000000000000133227e+00
664   1.00000005741562270067e+00
665   1.00000002504934637493e+00
666   1.00000000000000244249e+00
667   1.00000015153606081064e+00
668   1.00000004952810184200e+00
669   1.00000000000000421885e+00
670   9.99999999322123023227e-01
671   1.00000000275641798275e+00
672   1.00000000000000244249e+00
673   1.00000000013791567888e+00
674   1.00000000003365041579e+00
675   9.99999999999998112621e-01
676   1.00000176666798812342e+00
677   1.00000043209965028268e+00
678   9.99999999999998445688e-01
679   9.99999885629452411884e-01
680   1.00000003812704441053e+00
681   9.99999999999999888978e-01
682   9.99999970430356155404e-01
683   1.00000001311420594341e+00
684   1.00000000000000421885e+00
685   9.99999998503413922712e-01
686   1.00000000093072505258e+00
687   1.00000000000000022204e+00
688   1.00000000001697486596e+00
689   9.99999999987111753974e-01
690   9.99999999999999111822e-01
691   1.00000000000067990058e+00
692   9.99999999998493538378e-01
693   1.00000000000000510703e+00
694   1.00000000000006394885e+00
695   9.99999999999751421065e-01
696   1.00000000000000466294e+00
697   9.99999999993737787030e-01
698   9.99999999985892173981e-01
699   1.00000000000000510703e+00
700   9.99999999975436759669e-01
701   9.99999999993919974628e-01
702   9.99999999999998445688e-01
703   9.99999997536173079737e-01
704   9.99999998439340176404e-01
705   1.00000000000000133227e+00
706   9.99999937693051732523e-01
707   9.99999972250702695575e-01
708   1.00000000000000266454e+00
709   9.99999746603987493820e-01
710   9.99999915494197644250e-01
711   9.99999999999999888978e-01
712   1.00000095455984561177e+00
713   9.99999766556256108885e-01
714   1.00000000000000066613e+00
715   9.99999999605652889478e-01
716   9.99999998403115153423e-01
717   9.99999999999999777955e-01
718   1.00000000003739852872e+00
719   9.99999999990272669947e-01
720   9.99999999999999000799e-01
721   1.00000004634881478616e+00
722   9.99999985056350571000e-01
723   9.99999999999995781153e-01
724   1.00000001600411003722e+00
725   9.99999992905641565955e-01
726   1.00000000000000177636e+00
727   1.00000000086770768348e+00
728   9.99999999463447419856e-01
729   1.00000000000000222045e+00
730   9.99999999991043608816e-01
731   1.00000000000645972165e+00
732   1.00000000000000244249e+00
733   9.99999999999373723192e-01
734   1.00000000000242161846e+00
735   9.99999999999996447286e-01
736   1.00000000000001265654e+00
737   9.99999999998560373804e-01
738   1.00000000000000133227e+00
739   9.99999999954858997953e-01
740   9.99999999895417546192e-01
741   9.99999999999996891376e-01
742   9.99999999354330038059e-01
743   9.99999999549896601003e-01
744   1.00000000000000244249e+00
745   1.00000000190315563309e+00
746   1.00000000116263865202e+00
747   1.00000000000000199840e+00
748   1.00000003381808655334e+00
749   1.00000001506908575699e+00
750   1.00000000000000310862e+00
751   1.00000011593077631211e+00
752   1.00000003786293811814e+00
753   9.99999999999995670130e-01
754   9.99999999370235759244e-01
755   1.00000000257117216407e+00
756   9.99999999999999222844e-01
757   9.99999999938974704072e-01
758   9.99999999985239140798e-01
759   9.99999999999999000799e-01
760   1.00000158073796541203e+00
761   1.00000038660161805204e+00
762   1.00000000000000044409e+00
763   9.99999085157945777347e-01
764   1.00000022372319041786e+00
765   9.99999999999999777955e-01
766   1.00000000038386960277e+00
767   1.00000000155628199217e+00
768   9.99999999999999333866e-01
769   1.00000000004159028677e+00
770   9.99999999989798826761e-01
771   9.99999999999991562305e-01
772   9.99999962275824105795e-01
773   1.00000001213339406725e+00
774   9.99999999999999111822e-01
775   9.99999991224577611248e-01
776   1.00000000406311695400e+00
777   1.00000000000000066613e+00
778   1.00000000056588267405e+00
779   9.99999999693215069207e-01
780   1.00000000000000155431e+00
781   1.00000000010926037852e+00
782   9.99999999909442216506e-01
783   9.99999999999997779554e-01
784   1.00000000000149324997e+00
785   9.99999999997173927291e-01
786   1.00000000000000310862e+00
787   9.99999999999222621838e-01
788   1.00000000000008970602e+00
789   1.00000000000000377476e+00
790   1.00000000000621724894e+00
791   1.00000000001371747160e+00
792   1.00000000000000266454e+00
793   1.00000000033951685907e+00
794   1.00000000028018254383e+00
795   9.99999999999997557509e-01
796   1.00000000233024022300e+00
797   1.00000000131949495774e+00
798   1.00000000000000111022e+00
799   9.99999984458811996824e-01
800   9.99999992538551540910e-01
801   1.00000000000000044409e+00
802   9.99999901311758976341e-01
803   9.99999967720340610100e-01
804   9.99999999999999444888e-01
805   1.00000000060679394842e+00
806   9.99999997510943816614e-01
807   9.99999999999999000799e-01
808   9.99999999931689753652e-01
809   9.99999999982342013816e-01
810   9.99999999999991562305e-01
811   9.99998492091001001114e-01
812   9.99999631229852803393e-01
813   1.00000000000000111022e+00
814   1.00000022461365523085e+00
815   9.99999945052054695083e-01
816   9.99999999999999222844e-01
817   9.99999999931739047554e-01
818   9.99999999701617126036e-01
819   1.00000000000000754952e+00
820   9.99999999914477299967e-01
821   1.00000000002121014475e+00
822   1.00000000000000310862e+00
823   1.00000004318481461318e+00
824   9.99999985696510385047e-01
825   9.99999999999998667732e-01
826   1.00000001174040153984e+00
827   9.99999994788894785991e-01
828   1.00000000000000155431e+00
829   1.00000000061581895139e+00
830   9.99999999620532098454e-01
831   1.00000000000000133227e+00
832   1.00000000002833000501e+00
833   9.99999999979157783159e-01
834   9.99999999999998667732e-01
835   1.00000000000157718283e+00
836   9.99999999996626587340e-01
837   9.99999999999997224442e-01
838   9.99999999999528044192e-01
839   1.00000000000118549615e+00
840   9.99999999999993449684e-01
841   1.00000000003753153344e+00
842   1.00000000008703460175e+00
843   9.99999999999998112621e-01
844   1.00000000057076943172e+00
845   1.00000000040186232120e+00
846   9.99999999999998889777e-01
847   1.00000000089475293841e+00
848   1.00000000055497229035e+00
849   1.00000000000000199840e+00
850   1.00000002441595214897e+00
851   1.00000001089557644107e+00
852   1.00000000000000199840e+00
853   1.00000009723989724542e+00
854   1.00000003229923595249e+00
855   1.00000000000000000000e+00
856   9.99999999907489001139e-01
857   1.00000000042725467608e+00
858   1.00000000000000599520e+00
859   1.00000000014012124794e+00
860   1.00000000003519939895e+00
861   1.00000000000000310862e+00
862   1.00000036317892804227e+00
863   1.00000008886649882633e+00
864   9.99999999999999666933e-01
865   1.00000057421330157403e+00
866   9.99999859662231704860e-01
867   9.99999999999999888978e-01
868   9.99999999668945482867e-01
869   9.99999998708808068848e-01
870   1.00000000000000044409e+00
871   1.00000000007761014054e+00
872   9.99999999980756837381e-01
873   1.00000000000000266454e+00
874   9.99999930809907677798e-01
875   1.00000002338078308739e+00
876   9.99999999999999555911e-01
877   9.99999975987281408685e-01
878   1.00000001031386021033e+00
879   1.00000000000000333067e+00
880   9.99999996684767133992e-01
881   1.00000000196017757581e+00
882   9.99999999999998334665e-01
883   9.99999999766379321642e-01
884   1.00000000019637869109e+00
885   9.99999999999997446487e-01
886   9.99999999996910027278e-01
887   1.00000000000677125023e+00
888   1.00000000000000288658e+00
889   1.00000000000021693758e+00
890   1.00000000000063971051e+00
891   9.99999999999999888978e-01
892   1.00000000001082156587e+00
893   1.00000000002487188233e+00
894   1.00000000000000288658e+00
895   9.99999999629607838614e-01
896   9.99999999648163662158e-01
897   9.99999999999997224442e-01
898   9.99999885829409795868e-01
899   1.00000003805891291009e+00
900   1.00000000000000555112e+00
901   9.99999970346179600789e-01
902   1.00000001314653408357e+00
903   1.00000000000000044409e+00
904   9.99999998465176953566e-01
905   1.00000000095276986301e+00
906   9.99999999999995115019e-01
907   1.00000000001170796793e+00
908   9.99999999991454058268e-01
909   1.00000000000000577316e+00
910   1.00000000000056288307e+00
911   9.99999999998762878484e-01
912   9.99999999999997890576e-01
913   1.00000000000007616130e+00
914   9.99999999999751754132e-01
915   1.00000000000000377476e+00
916   9.99999999993415378263e-01
917   9.99999999985168086525e-01
918   9.99999999999997890576e-01
919   9.99999999959105267955e-01
920   9.99999999980449638670e-01
921   1.00000000000000577316e+00
922   9.99999997421911146489e-01
923   9.99999998374106358057e-01
924   9.99999999999996225242e-01
925   9.99999937513069259154e-01
926   9.99999972184906105177e-01
927   9.99999999999998112621e-01
928   9.99999747374638259245e-01
929   9.99999915754906432142e-01
930   1.00000000000000555112e+00
931   1.00000106818611889103e+00
932   9.99999738750260602771e-01
933   1.00000000000000155431e+00
934   9.99999999575227893622e-01
935   9.99999998288579550199e-01
936   1.00000000000000266454e+00
937   1.00000000008396949802e+00
938   9.99999999979333087374e-01
939   9.99999999999998112621e-01
940   1.00000006072872249518e+00
941   9.99999980349632777710e-01
942   1.00000000000000199840e+00
943   1.00000002502980933627e+00
944   9.99999989081986950801e-01
945   9.99999999999999666933e-01
946   1.00000000232425589886e+00
947   9.99999998601654449537e-01
948   9.99999999999993560706e-01
949   1.00000000010168421660e+00
950   9.99999999914018333769e-01
951   9.99999999999995781153e-01
952   1.00000000000117883481e+00
953   9.99999999997294941601e-01
954   9.99999999999999555911e-01
955   1.00000000000003907985e+00
956   9.99999999999838795617e-01
957   9.99999999999998556710e-01
958   9.99999999997390642825e-01
959   9.99999999994406807424e-01
960   9.99999999999998778755e-01
961   1.00000000018074053365e+00
962   1.00000000016457168961e+00
963   9.99999999999996003197e-01
964   1.00000000543664513408e+00
965   1.00000000326046190047e+00
966   9.99999999999993671729e-01
967   1.00000005715743189860e+00
968   1.00000002494164319522e+00
969   1.00000000000000066613e+00
970   1.00000015120420604475e+00
971   1.00000004941878417597e+00
972   1.00000000000000155431e+00
973   9.99999999321633414873e-01
974   1.00000000275774070246e+00
975   1.00000000000000288658e+00
976   9.99999999862310695598e-01
977   9.99999999966229347059e-01
978   9.99999999999998112621e-01
979   1.00000176691197673051e+00
980   1.00000043215934164564e+00
981   1.00000000000000133227e+00
982   9.99998896598977338179e-01
983   1.00000026981816469984e+00
984   1.00000000000000333067e+00
985   1.00000000048128079300e+00
986   1.00000000193226923351e+00
987   9.99999999999999666933e-01
988   1.00000000004550937405e+00
989   9.99999999988921195460e-01
990   1.00000000000000399680e+00
991   9.99999980635584706512e-01
992   1.00000000578059822232e+00
993   1.00000000000000155431e+00
994   9.99999984106070494150e-01
995   1.00000000683017487013e+00
996   9.99999999999994226840e-01
997   9.99999997938851858947e-01
998   1.00000000122611654163e+00
999   9.99999999999996447286e-01
1000   9.99999999869150779652e-01
1001   1.00000000010962297736e+00
1002   1.00000000000000288658e+00
1003   9.99999999998129607270e-01
1004   1.00000000000439581704e+00
1005   1.00000000000000199840e+00
1006   1.00000000000005417888e+00
1007   9.99999999999919619853e-01
1008   9.99999999999998556710e-01
1009   9.99999999993465116255e-01
1010   9.99999999984341969572e-01
1011   1.00000000000000222045e+00
1012   9.99999999618877977170e-01
1013   9.99999999683781282123e-01
1014   1.00000000000000288658e+00
1015   9.99999994791872626188e-01
1016   9.99999996911699162716e-01
1017   9.99999999999997890576e-01
1018   9.99999961191032404884e-01
1019   9.99999983330423947159e-01
1020   9.99999999999994115818e-01
1021   9.99999938360652818048e-01
1022   9.99999980604305283016e-01
1023   1.00000000000000155431e+00
1024   1.00000000078046724639e+00
1025   9.99999996848542238581e-01
1026   9.99999999999999000799e-01
1027   9.99999999929351846006e-01
1028   9.99999999983264609149e-01
1029   1.00000000000000399680e+00
1030   9.99998172705270027549e-01
1031   9.99999553152515541221e-01
1032   1.00000000000000399680e+00
1033   1.00000046049959512295e+00
1034   9.99999887388047570269e-01
1035   9.99999999999999444888e-01
1036   9.99999999801612693417e-01
1037   9.99999999209646550646e-01
1038   1.00000000000000133227e+00
1039   9.99999999921544646675e-01
1040   1.00000000001959943319e+00
1041   9.99999999999999111822e-01
1042   1.00000000435952984823e+00
1043   9.99999998828234870629e-01
1044   1.00000000000000666134e+00
1045   1.00000000609472028401e+00
1046   9.99999997405230156566e-01
1047   1.00000000000000022204e+00
1048   1.00000000095086361007e+00
1049   9.99999999438045850120e-01
1050   9.99999999999995781153e-01
1051   1.00000000007062750385e+00
1052   9.99999999940971662227e-01
1053   1.00000000000000310862e+00
1054   1.00000000000103783648e+00
1055   9.99999999997637001314e-01
1056   1.00000000000000155431e+00
1057   1.00000000000007216450e+00
1058   9.99999999999725219801e-01
1059   1.00000000000000333067e+00
1060   9.99999999994071853138e-01
1061   9.99999999986720178313e-01
1062   1.00000000000000222045e+00
1063   1.00000000007698885973e+00
1064   1.00000000008220424341e+00
1065   1.00000000000000244249e+00
1066   1.00000000259143195791e+00
1067   1.00000000152419987742e+00
1068   9.99999999999996114219e-01
1069   1.00000001532715532271e+00
1070   1.00000000651722364964e+00
1071   1.00000000000000155431e+00
1072   1.00000001717630926379e+00
1073   1.00000000523806109598e+00
1074   1.00000000000000510703e+00
1075   9.99999999676276396521e-01
1076   1.00000000129431065865e+00
1077   1.00000000000000044409e+00
1078   1.00000000012824674656e+00
1079   1.00000000003206457322e+00
1080   9.99999999999999111822e-01
1081   1.00000076237610535657e+00
1082   1.00000018643739818636e+00
1083   9.99999999999999222844e-01
1084   1.00000045981840379739e+00
1085   9.99999887555584110466e-01
1086   1.00000000000000310862e+00
1087   9.99999999800716632414e-01
1088   9.99999999207558332159e-01
1089   1.00000000000000177636e+00
1090   1.00000000007796119306e+00
1091   9.99999999980536014021e-01
1092   9.99999999999999111822e-01
1093   1.00000000293878876789e+00
1094   9.99999999290325236601e-01
1095   1.00000000000000000000e+00
1096   1.00000000454112347725e+00
1097   9.99999998050712490816e-01
1098   9.99999999999995781153e-01
1099   1.00000000057899041117e+00
1100   9.99999999654055837794e-01
1101   1.00000000000000621725e+00
1102   1.00000000002668443244e+00
1103   9.99999999976980524785e-01
1104   9.99999999999994781952e-01
1105   1.00000000000007194245e+00
1106   9.99999999999866884259e-01
1107   9.99999999999998445688e-01
1108   1.00000000000005773160e+00
1109   9.99999999999722222199e-01
1110   1.00000000000000022204e+00
1111   9.99999999991882160266e-01
1112   9.99999999981284304340e-01
1113   9.99999999999997557509e-01
1114   9.99999999944894635284e-01
1115   9.99999999972690289951e-01
1116   9.99999999999995670130e-01
1117   1.00000000149038403841e+00
1118   1.00000000088974005941e+00
1119   1.00000000000000599520e+00
1120   1.00000001143853722851e+00
1121   1.00000000491563389993e+00
1122   9.99999999999996336264e-01
1123   1.00000001492021484140e+00
1124   1.00000000451642523380e+00
1125   1.00000000000000022204e+00
1126   9.99999999673477746320e-01
1127   1.00000000130269905974e+00
1128   1.00000000000000066613e+00
1129   9.99999999871350575553e-01
1130   9.99999999967845498716e-01
1131   9.99999999999999111822e-01
1132   1.00000076385494174325e+00
1133   1.00000018679738067462e+00
1134   1.00000000000000355271e+00
1135   9.99998896514766921761e-01
1136   1.00000026983964884764e+00
1137   9.99999999999999111822e-01
1138   1.00000000048020143417e+00
1139   1.00000000192927429588e+00
1140   9.99999999999999666933e-01
1141   9.99999999956234342235e-01
1142   1.00000000001055511234e+00
1143   1.00000000000000399680e+00
1144   9.99999979035849806408e-01
1145   1.00000000632730312589e+00
1146   9.99999999999996891376e-01
1147   9.99999984937899655257e-01
1148   1.00000000650605858077e+00
1149   1.00000000000000111022e+00
1150   9.99999998272225631979e-01
1151   1.00000000103351793790e+00
1152   1.00000000000000288658e+00
1153   9.99999999907358883000e-01
1154   1.00000000007808620417e+00
1155   1.00000000000000399680e+00
1156   9.99999999998790967126e-01
1157   1.00000000000281841217e+00
1158   1.00000000000000177636e+00
1159   1.00000000000000111022e+00
1160   9.99999999999778177440e-01
1161   1.00000000000000066613e+00
1162   9.99999999991162069612e-01
1163   9.99999999979001130690e-01
1164   1.00000000000000244249e+00
1165   9.99999999675895034912e-01
1166   9.99999999739276557165e-01
1167   1.00000000000000377476e+00
1168   9.99999995819372822226e-01
1169   9.99999997503206117244e-01
1170   1.00000000000000244249e+00
1171   9.99999963406955849621e-01
1172   9.99999984183584489372e-01
1173   9.99999999999999888978e-01
1174   9.99999933262744500340e-01
1175   9.99999978866850880443e-01
1176   9.99999999999997113420e-01
1177   1.00000000077749762184e+00
1178   9.99999996856600903428e-01
1179   9.99999999999997668532e-01
1180   1.00000000006984790524e+00
1181   1.00000000001634292701e+00
1182   1.00000000000000399680e+00
1183   9.99998171420836468037e-01
1184   9.99999552835522775851e-01
1185   9.99999999999999555911e-01
1186   1.00000106872042326955e+00
1187   9.99999738616561439919e-01
1188   1.00000000000000177636e+00
1189   9.99999999578708664849e-01
1190   9.99999998298684800169e-01
1191   9.99999999999997335465e-01
1192   9.99999999915566539777e-01
1193   1.00000000002075228878e+00
1194   9.99999999999998112621e-01
1195   1.00000006753091441603e+00
1196   9.99999978079143980736e-01
1197   1.00000000000000532907e+00
1198   1.00000002678378430154e+00
1199   9.99999988304811293638e-01
1200   9.99999999999997668532e-01
1201   1.00000000241093944808e+00
1202   9.99999998547271951033e-01
1203   9.99999999999998334665e-01
1204   1.00000000010012768392e+00
1205   9.99999999915278880991e-01
1206   1.00000000000000288658e+00
1207   1.00000000000119637633e+00
1208   9.99999999997418620445e-01
1209   9.99999999999999444888e-01
1210   9.99999999999943711693e-01
1211   9.99999999999975575093e-01
1212   9.99999999999995670130e-01
1213   1.00000000000152566848e+00
1214   1.00000000000377142761e+00
1215   9.99999999999999111822e-01
1216   1.00000000023171753405e+00
1217   1.00000000019879120572e+00
1218   1.00000000000000355271e+00
1219   1.00000000558815238527e+00
1220   1.00000000335973560084e+00
1221   9.99999999999998445688e-01
1222   1.00000006173333821913e+00
1223   1.00000002697497492044e+00
1224   9.99999999999997890576e-01
1225   1.00000016940120817210e+00
1226   1.00000005549377357639e+00
1227   1.00000000000000488498e+00
1228   9.99999999330839162148e-01
1229   1.00000000273053579747e+00
1230   9.99999999999997446487e-01
1231   1.00000000013651901831e+00
1232   1.00000000003338529453e+00
1233   9.99999999999998112621e-01
1234   1.00000176746348157231e+00
1235   1.00000043230183588427e+00
1236   1.00000000000000177636e+00
1237   9.99999876797393327799e-01
1238   1.00000004103729067673e+00
1239   9.99999999999994781952e-01
1240   9.99999964836818633351e-01
1241   1.00000001547608019514e+00
1242   9.99999999999999444888e-01
1243   9.99999997504062099196e-01
1244   1.00000000151891499378e+00
1245   9.99999999999999333866e-01
1246   9.99999999937808636830e-01
1247   1.00000000005353850696e+00
1248   1.00000000000000577316e+00
1249   9.99999999999589772592e-01
1250   1.00000000000102184927e+00
1251   9.99999999999993560706e-01
1252   1.00000000000003574918e+00
1253   9.99999999999888422586e-01
1254   9.99999999999999222844e-01
1255   9.99999999995786259532e-01
1256   9.99999999990247800952e-01
1257   9.99999999999993338662e-01
1258   9.99999999824657037628e-01
1259   9.99999999857063115449e-01
1260   1.00000000000000599520e+00
1261   9.99999994675800141231e-01
1262   9.99999996756432141254e-01
1263   9.99999999999999333866e-01
1264   9.99999921595460694590e-01
1265   9.99999965441749294470e-01
1266   9.99999999999998667732e-01
1267   9.99999719738778214406e-01
1268   9.99999906631620638642e-01
1269   9.99999999999994781952e-01
1270   9.99999845795042086039e-01
1271   1.00000005139287817535e+00
1272   9.99999999999999222844e-01
1273   9.99999958823250434392e-01
1274   1.00000001821322004325e+00
1275   9.99999999999996003197e-01
1276   9.99999997548963959204e-01
1277   1.00000000150406265220e+00
1278   1.00000000000000399680e+00
1279   9.99999999974074960107e-01
1280   1.00000000002361444373e+00
1281   9.99999999999998112621e-01
1282   1.00000000000005928591e+00
1283   9.99999999999221067526e-01
1284   1.00000000000000044409e+00
1285   1.00000000000004152234e+00
1286   1.00000000000011990409e+00
1287   1.00000000000000310862e+00
1288   1.00000000000535393951e+00
1289   1.00000000001220734624e+00
1290   1.00000000000000066613e+00
1291   1.00000000004154432354e+00
1292   1.00000000002257438680e+00
1293   9.99999999999998112621e-01
1294   9.99999995484197712337e-01
1295   9.99999997220347491833e-01
1296   1.00000000000000333067e+00
1297   9.99999917707478980233e-01
1298   9.99999963512278822186e-01
1299   9.99999999999995781153e-01
1300   9.99999681944869656114e-01
1301   9.99999893970866526871e-01
1302   9.99999999999999333866e-01
1303   9.99999873819599760516e-01
1304   1.00000003075767907035e+00
1305   1.00000000000000000000e+00
1306   1.00000000016064372055e+00
1307   1.00000000058713101048e+00
1308   1.00000000000000044409e+00
1309   9.99999999994509614076e-01
1310   1.00000000000209743334e+00
1311   9.99999999999996669331e-01
1312   1.00000014045580876143e+00
1313   9.99999953074412806231e-01
1314   9.99999999999999333866e-01
1315   1.00000004319081914339e+00
1316   9.99999981143288252383e-01
1317   1.00000000000000111022e+00
1318   1.00000000395528076957e+00
1319   9.99999997621485392507e-01
1320   1.00000000000000111022e+00
1321   1.00000000016487522458e+00
1322   9.99999999858871557734e-01
1323   1.00000000000000088818e+00
1324   1.00000000000115929488e+00
1325   9.99999999996423083459e-01
1326   1.00000000000000421885e+00
1327   1.00000000000002886580e+00
1328   1.00000000000053335114e+00
1329   9.99999999999999333866e-01
1330   1.00000000001970335006e+00
1331   1.00000000004577227486e+00
1332   1.00000000000000421885e+00
1333   1.00000000061546878705e+00
1334   1.00000000048898884941e+00
1335   1.00000000000000088818e+00
1336   1.00000000882321971041e+00
1337   1.00000000530749511007e+00
1338   1.00000000000000155431e+00
1339   1.00000009331812123037e+00
1340   1.00000004064717296082e+00
1341   1.00000000000000044409e+00
1342   1.00000029020576608474e+00
1343   1.00000009686053203950e+00
1344   9.99999999999999222844e-01
1345   1.00000000029013547120e+00
1346   9.99999998962593839025e-01
1347   1.00000000000000022204e+00
1348   1.00000000001212696610e+00
1349   1.00000000000475730566e+00
1350   9.99999999999996669331e-01
1351   9.99999797989749361626e-01
1352   9.99999950782576529917e-01
1353   1.00000000000000088818e+00
1354   9.99999620999937666177e-01
1355   1.00000009276211931919e+00
1356   9.99999999999995781153e-01
1357   1.00000000007458300644e+00
1358   1.00000000034824987338e+00
1359   1.00000000000000155431e+00
1360   9.99999999911376669104e-01
1361   1.00000000002299116453e+00
1362   9.99999999999994559907e-01
1363   9.99999899087006260956e-01
1364   1.00000003345263444032e+00
1365   9.99999999999994559907e-01
1366   9.99999965265292334315e-01
1367   1.00000001512495062528e+00
1368   1.00000000000000288658e+00
1369   9.99999996537302093813e-01
1370   1.00000000207270600683e+00
1371   1.00000000000000577316e+00
1372   9.99999999809688455699e-01
1373   1.00000000015894507932e+00
1374   1.00000000000000244249e+00
1375   9.99999999997318256284e-01
1376   1.00000000000697308877e+00
1377   9.99999999999997002398e-01
1378   1.00000000000029709568e+00
1379   9.99999999999453104138e-01
1380   9.99999999999998556710e-01
1381   9.99999999973935738140e-01
1382   9.99999999939929051784e-01
1383   9.99999999999996780353e-01
1384   9.99999999235657077712e-01
1385   9.99999999397893746256e-01
1386   1.00000000000000266454e+00
1387   9.99999991922735809169e-01
1388   9.99999995179622902519e-01
1389   1.00000000000000466294e+00
1390   9.99999923102691368193e-01
1391   9.99999966588770883291e-01
1392   1.00000000000000333067e+00
1393   9.99999782216153931813e-01
1394   9.99999927754127937440e-01
1395   9.99999999999994115818e-01
1396   1.00000000009766498721e+00
1397   9.99999999497446223629e-01
1398   9.99999999999999666933e-01
1399   1.00000000014802714610e+00
1400   1.00000000003827493877e+00
1401   9.99999999999994559907e-01
1402   9.99999365801389705766e-01
1403   9.99999844752447186735e-01
1404   9.99999999999996114219e-01
1405   9.99999991231760865240e-01
1406   9.99999994832444172310e-01
1407   9.99999999999998112621e-01
1408   9.99999944574935573094e-01
1409   9.99999976356207853634e-01
1410   1.00000000000000333067e+00
1411   9.99999864894391299330e-01
1412   9.99999954533533408352e-01
1413   9.99999999999999777955e-01
1414   9.99999999441667730693e-01
1415   1.00000000217085349696e+00
1416   1.00000000000000088818e+00
1417   9.99999999874543687994e-01
1418   9.99999999968355091085e-01
1419   1.00000000000000266454e+00
1420   1.00000095353140472376e+00
1421   1.00000023303574225864e+00
1422   1.00000000000000199840e+00
1423   9.99999311245902799961e-01
1424   1.00000016838371319494e+00
1425   1.00000000000000288658e+00
1426   1.00000000034042835217e+00
1427   1.00000000134156441511e+00
1428   1.00000000000000111022e+00
1429   1.00000000009002931733e+00
1430   9.99999999976954656589e-01
1431   1.00000000000000355271e+00
1432   1.00000004133965925135e+00
1433   9.99999985892720100189e-01
1434   9.99999999999999222844e-01
1435   1.00000001712602815118e+00
1436   9.99999992753974109583e-01
1437   1.00000000000000155431e+00
1438   1.00000000300241942419e+00
1439   9.99999998233897291477e-01
1440   9.99999999999999444888e-01
1441   1.00000000022683699363e+00
1442   9.99999999808846240512e-01
1443   1.00000000000000044409e+00
1444   1.00000000000225353070e+00
1445   9.99999999993819832511e-01
1446   1.00000000000000199840e+00
1447   1.00000000000028244074e+00
1448   9.99999999999449995514e-01
1449   1.00000000000000022204e+00
1450   9.99999999989616972229e-01
1451   9.99999999977287168385e-01
1452   1.00000000000000199840e+00
1453   1.00000000037182901202e+00
1454   1.00000000035057445835e+00
1455   1.00000000000000044409e+00
1456   1.00000000820381518274e+00
1457   1.00000000482253637024e+00
1458   9.99999999999999444888e-01
1459   1.00000004151266264074e+00
1460   1.00000001740732358257e+00
1461   1.00000000000000177636e+00
1462   1.00000007380539046586e+00
1463   1.00000002502042972807e+00
1464   9.99999999999999555911e-01
1465   1.00000000056116222780e+00
1466   9.99999997788660111020e-01
1467   1.00000000000000111022e+00
1468   9.99999999850637255605e-01
1469   9.99999999962227548167e-01
1470   1.00000000000000355271e+00
1471   9.99998861517569448409e-01
1472   9.99999721663966112395e-01
1473   1.00000000000000266454e+00
